7665450121005501727
7665390514061036831
7665092825352015134
7665023278863437087
7664724065474678047
7664649426211720478
7664274872373185822
7663927783793495326
7663906095525678367
7663593028732439839
7663500100081077534
7663180934514068766
7662846320008318238
7662802660436839710
7662436933238263070
7662102479940668703
7662053843382930718
7661737312610422047
7661312967270501662
7660982724768877855
7660580895916608798
7657214742431386910
7656914952711654686
7656467830723857694
7656108276404194590
7655795314971905310
7655059978939632926
7652488319850368287
7652393649514319134
7652125981922118942
7652074989495078175
7651676812988239134
7651385411180219678
7651269712554233119
7650946086034623775
7641722329210408222
7641344553332608287
7641270102410743071
7635839488421268767
7613833247058939166
7609698356092226847
7607147857069526302
7606783052936695071
7606087098449300766
7599724371938200863
7591583729898753310
7591235478645493022
7590882406324915486
7589377315168177438
7586747905260752159
7586378595203812639
7586031436419861791
7585628847723285790
7584879099210894622
7584574727251954974
7581160123964394782
7580440204385864991
7579668343653764383
7578967897163320607
7578601748659457310
7577955084303076638
7577055762308992287
7576743193752964383
7576707931807239454
7576024118517075230
7575973994495610142
7575274112940100894
7575221426622434590
7574486514789338399
7571083710993337631
7570718680414227743
7565617583395736862
7564602027758701854
7563732078970359070
7563360370518248734
7562977399269297438
7562943645695888670
7562632753322380574
7562252824193600799
7562199836733279518
7561822084016459038
7560749316940369182
7560386794471148831
7560339661294439710
7560011934293052703
7559963830386724126
7559581494801468702
7559280833408830750
7556264154047237407
7555888308841123102
7555550662692506910
7555254694038211870
7554037780259687710
7553746726872468767
7552948300995923231
7552602019597487391
7552565155419278623
7552189251505474846
7551450764560911646
7551151330342096158
7550326319213595934
7549973057335495966
7549301664264637726
7548894359886761246
7548529924357901598
7547793323067575583
7546755777084624158
7546337599229644062
7546274254476643615
7545912147818138911
7545202598018649374
7544438722507377950
7544100436748422430
7544054019245870366
7543710975988419870
7543364670124494110
7542983333978950943
7542931518587424031
7542604091562708254
7542545334791146782
7542361152571919647
7542235924466289951
7542202029528059166
7541856942042434846
7541523884634410271
7541460439167798559
7541083865855806750
7540742158580550943
7540717527454731551
7540405317960469790
7540359405536169247
7540009188274064671
7539977618339220766
7539605358549945631
7539282445980503327
7539247899847265567
7538888314338725151
7538869919639817502
7538192480072699167
7538109098286451998
7537716303654669598
7537402026372746527
7537349173629177118
7537020562800004382
7536986063303118111
7536600700046871838
7536305096590691615
7536254654800301343
7535510417318137119
7535123450311101726
7534744208003845406
7534414553178754335
7534384246023048478
7534000302337379614
7533661028412820766
7533276977650847006
7532884452599516447
7532511427009973535
7532141061150444831
7531892460155374878
7531799550420405534
7531752702993386782
7531489696388631839
7531387125908901150
7531120667249364255
7531023627425287455
7530669521422519582
7530351377600531742
7530301395862359327
7529965363459525918
7529926498069859615
7529611705962319135
7529571349933722910
7529251095693020446
7529181192554351902
7528850171917094174
7528810375261719839
7528561738703293727
7528503833341840671
7528451711590042911
7528109938703355166
7528073015381216542
7527753094487231774
7527700387009236254
7527386390741388574
7527328617055931678
7526972647364758814
7526954125129436446
7526619594413346079
7526592585436040478
7525881758772923679
7525850875647118622
7525511186650041630
7525474906394414366
7525126257458056478
7525094179618295071
7524749025770327326
7523607082872917279
7523248308517735710
7522900055364357406
7522565129540619550
7522171192434822431
7520047436044193055
7519646972324678942
7519388437871381791
7517428888302144798
7516681765189192991
7515565100510612767
7515170603695901983
7514744493187321118
7514659452696464671
7514295690210659615
7513962900814318878
7513673760713493790
7513631181527649566
7513244977204366623
7512855504587083039
7512514356689571102
7512114323456593183
7511800068916170014
7511762791854918942
7511426742637137182
7511374887705988382
7511055190103952670
7510631790583794975
7510339486895623454
7510256013258394910
7509900178971839775
7509132009948597534
7508860001360923935
7508446225444785438
7508131974352031006
7508032881223011615
7507689135499398430
7507649354325413151
7507334400485461279
7507270281702935839
7506912603176750367
7506744763580714271
7506646063424572702
7506549891557002526
7506216246787018014
7506170292423757086
7505906719990598943
7505814752711478559
7505639863262252318
7505548630003158302
7505444333307366686
7505122477094210847
7505071937350044958
7504805948775550239
7504766028166008095
7504729000183467294
7504673011505646878
7504354879171874078
7504321203306351902
7504109953884409119
7503981211375734046
7503939910332730655
7503605664233622815
7503575494797856030
7503260255019666718
7503225452744461599
7502917159085968670
7502874840764779806
7502633142243593502
7502295171401288991
7502123080328776990
7501834756200402207
7501751717164256543
7501525751582215454
7501453502099492127
7501396528687254814
7501191324616379678
7501025921084804382
7500745005477219614
